[1] "---------------------------------"
[1] "imbalance ratio"
[1] 10
[1] "gme"
 [1] 0.7216787 0.5703000 0.1736526
 [4]        NA        NA 0.7224216
 [7] 0.5702446        NA        NA
[10] 0.6274554 0.7914449
[1] "sen"
 [1] 0.60127567 0.41739371 0.07977785
 [4]         NA         NA 0.71249211
 [7] 0.36899494         NA         NA
[10] 0.48257928 0.69790164
[1] "spe"
 [1] 0.8922887 0.9436387 0.9911790
 [4]        NA        NA 0.7498402
 [7] 0.9171196        NA        NA
[10] 0.8777266 0.9043651
[1] "sen sd"
 [1] 0.1692300 0.2631572 0.1098734
 [4]        NA        NA 0.1512358
 [7] 0.1367831        NA        NA
[10] 0.2158678 0.1178752
Time difference of 16.73987 mins
[1] "---------------------------------"
[1] "imbalance ratio"
[1] 12.5
[1] "gme"
 [1] 0.6945480 0.5519476 0.1200398
 [4]        NA        NA 0.7210744
 [7] 0.5411255        NA        NA
[10] 0.5987806 0.7729420
[1] "sen"
 [1] 0.55249586 0.35852346 0.05114729
 [4]         NA         NA 0.70648512
 [7] 0.32768041         NA         NA
[10] 0.43078200 0.66644252
[1] "spe"
 [1] 0.9025842 0.9462543 0.9951436
 [4]        NA        NA 0.7537174
 [7] 0.9311284        NA        NA
[10] 0.8900694 0.9015193
[1] "sen sd"
 [1] 0.1631641 0.1644243 0.0869650
 [4]        NA        NA 0.1628522
 [7] 0.1301993        NA        NA
[10] 0.1893575 0.1013957
Time difference of 32.96466 mins
[1] "---------------------------------"
[1] "imbalance ratio"
[1] 15
[1] "gme"
 [1] 0.7094653 0.5235830 0.1120252
 [4]        NA        NA 0.7096585
 [7] 0.5453603        NA        NA
[10] 0.5844814 0.7714988
[1] "sen"
 [1] 0.56938078 0.33511090 0.04144623
 [4]         NA         NA 0.70017499
 [7] 0.34724994         NA         NA
[10] 0.42110533 0.66171178
[1] "spe"
 [1] 0.8969748 0.9559338 0.9966159
 [4]        NA        NA 0.7440710
 [7] 0.9455562        NA        NA
[10] 0.9024950 0.9050115
[1] "sen sd"
 [1] 0.13340000 0.21174170 0.07529374
 [4]         NA         NA 0.16992285
 [7] 0.17318841         NA         NA
[10] 0.20931078 0.10075930
Time difference of 47.7621 mins
[1] "---------------------------------"
[1] "imbalance ratio"
[1] 17.5
[1] "gme"
 [1] 0.68426337 0.50834543 0.05756957
 [4]         NA         NA 0.69211150
 [7] 0.49418172         NA         NA
[10] 0.57219487 0.77207620
[1] "sen"
 [1] 0.55020202 0.33569098 0.02107892
 [4]         NA         NA 0.69502442
 [7] 0.29916084         NA         NA
[10] 0.41491619 0.67384116
[1] "spe"
 [1] 0.8951921 0.9443817 0.9976996
 [4]        NA        NA 0.7168874
 [7] 0.9474530        NA        NA
[10] 0.9039422 0.9044632
[1] "sen sd"
 [1] 0.22137343 0.22175340 0.05342706
 [4]         NA         NA 0.18200032
 [7] 0.18442055         NA         NA
[10] 0.21941568 0.19294684
Time difference of 1.02804 hours
[1] "---------------------------------"
[1] "imbalance ratio"
[1] 20
[1] "gme"
 [1] 0.64690686 0.38605371 0.02165204
 [4]         NA         NA 0.67268702
 [7] 0.44263254         NA         NA
[10] 0.56549401 0.76941971
[1] "sen"
 [1] 0.486930939 0.249630185 0.007037037
 [4]          NA          NA 0.645720391
 [7] 0.273828579          NA          NA
[10] 0.420371480 0.661987087
[1] "spe"
 [1] 0.9074305 0.9605046 0.9991200
 [4]        NA        NA 0.7309307
 [7] 0.9562301        NA        NA
[10] 0.8956488 0.9065950
[1] "sen sd"
 [1] 0.20331647 0.24408115 0.02682001
 [4]         NA         NA 0.19256334
 [7] 0.21851499         NA         NA
[10] 0.24664591 0.14597438
Time difference of 1.247603 hours
[1] "---------------------------------"
[1] "imbalance ratio"
[1] 22.5
[1] "gme"
 [1] 0.68153744 0.46648638 0.01178511
 [4]         NA         NA 0.71803661
 [7] 0.46198680         NA         NA
[10] 0.61843553 0.81885190
[1] "sen"
 [1] 0.553459596 0.341539202 0.004166667
 [4]          NA          NA 0.713353776
 [7] 0.283554594          NA          NA
[10] 0.516087061 0.747307600
[1] "spe"
 [1] 0.9170727 0.9564437 0.9998255
 [4]        NA        NA 0.7494947
 [7] 0.9584087        NA        NA
[10] 0.9021698 0.9074833
[1] "sen sd"
 [1] 0.24508116 0.28992602 0.02282177
 [4]         NA         NA 0.18070217
 [7] 0.21066283         NA         NA
[10] 0.31696821 0.15221474
Time difference of 1.460373 hours
[1] "---------------------------------"
[1] "imbalance ratio"
[1] 25
[1] "gme"
 [1] 0.62185798 0.43767846 0.02280908
 [4]         NA         NA 0.66673190
 [7] 0.43307682         NA         NA
[10] 0.51391344 0.77166572
[1] "sen"
 [1] 0.45623256 0.29563372 0.00787037
 [4]         NA         NA 0.65390332
 [7] 0.24881674         NA         NA
[10] 0.35553030 0.67032468
[1] "spe"
 [1] 0.9207202 0.9530347 0.9989592
 [4]        NA        NA 0.7407143
 [7] 0.9592431        NA        NA
[10] 0.9164278 0.9070645
[1] "sen sd"
 [1] 0.20849357 0.25887453 0.03000712
 [4]         NA         NA 0.25115314
 [7] 0.16739573         NA         NA
[10] 0.22681476 0.18690843
Time difference of 1.671962 hours
[1] "---------------------------------"
[1] "imbalance ratio"
[1] 27.5
[1] "gme"
 [1] 0.66856463 0.40005008 0.04957896
 [4]         NA         NA 0.65902279
 [7] 0.46833610         NA         NA
[10] 0.58419595 0.80544697
[1] "sen"
 [1] 0.50788961 0.25686869 0.01865079
 [4]         NA         NA 0.63477273
 [7] 0.26802429         NA         NA
[10] 0.40724747 0.72126383
[1] "spe"
 [1] 0.9280149 0.9624655 0.9987945
 [4]        NA        NA 0.7430166
 [7] 0.9652346        NA        NA
[10] 0.9113655 0.9090600
[1] "sen sd"
 [1] 0.20782812 0.22541200 0.04877831
 [4]         NA         NA 0.24260334
 [7] 0.16609950         NA         NA
[10] 0.18639472 0.14639922
Time difference of 1.880145 hours
[1] "---------------------------------"
[1] "imbalance ratio"
[1] 30
[1] "gme"
 [1] 0.64190696 0.37944793 0.01360828
 [4]         NA         NA 0.67332627
 [7] 0.36189191         NA         NA
[10] 0.59020243 0.79279191
[1] "sen"
 [1] 0.497037037 0.256349206 0.005555556
 [4]          NA          NA 0.701283069
 [7] 0.192632275          NA          NA
[10] 0.459801587 0.707870370
[1] "spe"
 [1] 0.9181040 0.9560950 0.9996555
 [4]        NA        NA 0.6943233
 [7] 0.9648432        NA        NA
[10] 0.8979299 0.8996527
[1] "sen sd"
 [1] 0.25263648 0.26811260 0.03042903
 [4]         NA         NA 0.23750261
 [7] 0.16994619         NA         NA
[10] 0.26319797 0.15913584
Time difference of 2.095909 hours
[1] "---------------------------------"
[1] "imbalance ratio"
[1] 32.5
[1] "gme"
 [1] 0.58113997 0.24850741 0.02091905
 [4]         NA         NA 0.65004169
 [7] 0.32205961         NA         NA
[10] 0.45460059 0.78019310
[1] "sen"
 [1] 0.45091270 0.15990741 0.01333333
 [4]         NA         NA 0.60560847
 [7] 0.16578042         NA         NA
[10] 0.40015873 0.68765873
[1] "spe"
 [1] 0.9163774 0.9719771 0.9994872
 [4]        NA        NA 0.7465122
 [7] 0.9706086        NA        NA
[10] 0.8449435 0.9014738
[1] "sen sd"
 [1] 0.29940960 0.22415786 0.07302967
 [4]         NA         NA 0.24342858
 [7] 0.13800783         NA         NA
[10] 0.32463388 0.18220431
Time difference of 2.319869 hours
[1] "---------------------------------"
[1] "imbalance ratio"
[1] 35
[1] "gme"
 [1] 0.5526545 0.4671027 0.0000000
 [4]        NA        NA 0.5837521
 [7] 0.3538528        NA        NA
[10] 0.4962013 0.8007648
[1] "sen"
 [1] 0.3983201 0.2987831 0.0000000
 [4]        NA        NA 0.5596164
 [7] 0.1855159        NA        NA
[10] 0.3491005 0.7236905
[1] "spe"
 [1] 0.9219672 0.9343838 0.9994881
 [4]        NA        NA 0.7443218
 [7] 0.9705181        NA        NA
[10] 0.9189445 0.9027741
[1] "sen sd"
 [1] 0.2508472 0.2285310 0.0000000
 [4]        NA        NA 0.2889596
 [7] 0.1523306        NA        NA
[10] 0.2458850 0.1901106
Time difference of 2.52167 hours
[1] "---------------------------------"
[1] "imbalance ratio"
[1] 37.5
[1] "gme"
 [1] 0.6231325 0.4378969 0.0000000
 [4]        NA        NA 0.6375547
 [7] 0.2894175        NA        NA
[10] 0.4906264 0.7897986
[1] "sen"
 [1] 0.4860317 0.2986111 0.0000000
 [4]        NA        NA 0.5788492
 [7] 0.1700000        NA        NA
[10] 0.3617460 0.7029762
[1] "spe"
 [1] 0.9116294 0.9432527 1.0000000
 [4]        NA        NA 0.7702109
 [7] 0.9700320        NA        NA
[10] 0.9072371 0.9023650
[1] "sen sd"
 [1] 0.2531582 0.2453021 0.0000000
 [4]        NA        NA 0.2502492
 [7] 0.1920449        NA        NA
[10] 0.2696795 0.1757441
Time difference of 2.718542 hours
[1] "---------------------------------"
[1] "imbalance ratio"
[1] 40
[1] "gme"
 [1] 0.5872630 0.3934750 0.0000000
 [4]        NA        NA 0.6363450
 [7] 0.4149103        NA        NA
[10] 0.4854675 0.8263520
[1] "sen"
 [1] 0.4713095 0.2950397 0.0000000
 [4]        NA        NA 0.6340476
 [7] 0.2547222        NA        NA
[10] 0.3861111 0.7651587
[1] "spe"
 [1] 0.9250281 0.9471502 1.0000000
 [4]        NA        NA 0.7151724
 [7] 0.9675735        NA        NA
[10] 0.8985434 0.9069123
[1] "sen sd"
 [1] 0.2748304 0.2960322 0.0000000
 [4]        NA        NA 0.2833772
 [7] 0.2047319        NA        NA
[10] 0.3097940 0.1761377
Time difference of 2.912195 hours
